100
90 5 78
14 58 98
58 12 60
53 79 76
86 88 63
95 18 58
8 18 13
21 47 2
32 82 92
97 16 38
27 80 19
80 95 67
42 6 66
72 46 87
25 41 92
86 27 42
60 96 3
2 61 8
74 69 58
76 83 77
6 62 96
23 26 100
57 6 94
97 54 13
93 36 72
27 96 7
11 47 55
50 38 21
35 26 19
11 7 26
9 66 23
89 66 85
92 2 15
92 29 21
49 64 43
91 9 25
37 48 73
51 66 37
23 57 24
75 89 1
82 47 100
68 88 88
90 5 71
88 35 94
92 19 18
34 2 75
79 44 17
94 75 59
54 58 1
87 67 10
61 17 14
14 11 83
22 82 76
55 1 5
55 50 13
79 59 47
19 89 56
50 96 45
85 88 72
41 15 30
87 4 38
62 27 18
81 78 8
36 13 20
99 24 43
13 40 26
47 75 99
54 68 79
55 12 22
70 30 24
11 81 68
46 68 98
67 94 23
96 99 82
40 84 76
36 51 73
2 73 48
47 95 40
31 34 36
60 7 15
97 11 49
85 25 32
53 53 56
46 46 47
3 52 76
18 15 84
4 19 62
49 68 58
76 65 87
28 16 35
62 8 87
8 99 88
33 55 60
44 84 98
17 57 27
2 44 44
65 13 19
53 57 88
54 48 44
91 9 60